2015-03-19 04:00:00,187.444,187.63,187.141,187.141,4625
2015-03-19 04:30:00,187.203,187.221,186.856,186.856,133361
2015-03-19 05:00:00,186.821,186.919,186.776,186.812,2621
2015-03-19 05:30:00,186.99,187.026,186.678,186.99,6230
2015-03-19 06:00:00,186.954,187.186,186.954,187.177,23062
2015-03-19 06:30:00,187.186,187.248,186.999,187.212,83111
2015-03-19 07:00:00,187.221,187.221,186.99,187.203,165431
2015-03-19 07:30:00,187.177,187.221,187.017,187.061,103056
2015-03-19 08:00:00,187.061,187.177,186.812,186.865,495779
2015-03-19 08:30:00,186.892,186.892,186.581,186.75,868746
2015-03-19 09:00:00,186.741,186.803,186.652,186.768,495519
2015-03-19 09:30:00,186.776,186.901,186.358,186.83,11745711
2015-03-19 10:00:00,186.803,187.07,186.643,186.856,8255490
2015-03-19 10:30:00,186.848,187.23,186.345,186.555,7639627
2015-03-19 11:00:00,186.554,186.696,186.367,186.51,4592167
2015-03-19 11:30:00,186.51,186.536,185.949,186.207,8751025
2015-03-19 12:00:00,186.229,186.332,186.109,186.3,4838702
2015-03-19 12:30:00,186.305,186.323,185.985,186.076,9689002
2015-03-19 13:00:00,186.074,186.598,185.985,186.545,4952879
2015-03-19 13:30:00,186.545,186.563,186.199,186.243,3822972
2015-03-19 14:00:00,186.234,186.643,186.207,186.368,6027480
2015-03-19 14:30:00,186.372,186.581,186.243,186.527,5764864
2015-03-19 15:00:00,186.536,186.678,186.198,186.43,9648017
2015-03-19 15:30:00,186.421,186.607,186.278,186.349,14809864
2015-03-19 16:00:00,186.349,186.501,186.218,186.412,4849318
2015-03-19 16:30:00,186.412,186.421,186.305,186.314,1416624
2015-03-19 17:00:00,186.305,186.367,186.172,186.189,4397755
2015-03-19 17:30:00,186.172,186.367,186.172,186.225,88460
2015-03-19 18:00:00,186.198,186.198,186.1,186.136,39952
2015-03-19 18:30:00,186.136,186.145,186.082,186.082,43272
2015-03-19 19:00:00,186.082,186.172,186.082,186.163,27203
2015-03-19 19:30:00,186.163,186.323,186.154,186.305,31024
2015-03-20 09:30:00,187.387,187.664,187.297,187.485,17730910
2015-03-20 10:00:00,187.485,187.655,187.422,187.521,17456493
2015-03-20 10:30:00,187.525,187.959,187.512,187.869,14702449
2015-03-20 11:00:00,187.878,188.171,187.86,188.119,7100695
2015-03-20 11:30:00,188.119,188.191,187.985,188.066,6395287
2015-03-20 12:00:00,188.066,188.182,188.03,188.066,5037204
2015-03-20 12:30:00,188.07,188.396,188.048,188.334,8726085
2015-03-20 13:00:00,188.338,188.557,188.289,188.477,8284312
2015-03-20 13:30:00,188.48,188.539,188.379,188.419,4200684
2015-03-20 14:00:00,188.415,188.522,188.236,188.329,5774683
2015-03-20 14:30:00,188.325,188.504,188.271,188.495,9057397
2015-03-20 15:00:00,188.504,188.535,187.968,188.079,11501040
2015-03-20 15:30:00,188.084,188.379,188.012,188.021,25159513
2015-03-20 16:00:00,188.021,188.057,186.32,187.923,12900585
2015-03-20 16:30:00,187.923,188.093,187.905,187.905,13358661
2015-03-20 17:00:00,187.914,188.048,187.842,187.95,1857808
2015-03-20 17:30:00,187.95,188.066,187.95,188.057,101802
2015-03-20 18:00:00,188.057,188.093,188.003,188.057,93774
2015-03-20 18:30:00,188.057,188.093,188.057,188.093,38364
2015-03-20 19:00:00,188.075,188.093,188.066,188.066,7968
2015-03-20 19:30:00,188.066,188.084,188.066,188.066,14065
2015-03-23 04:00:00,188.066,188.066,187.708,188.048,1380
2015-03-23 04:30:00,187.601,187.601,187.458,187.458,927
2015-03-23 05:00:00,187.556,187.646,187.556,187.646,600
2015-03-23 05:30:00,187.69,187.753,187.512,187.53,8574
2015-03-23 06:00:00,187.521,187.539,187.414,187.449,39394
2015-03-23 06:30:00,187.485,187.565,187.467,187.512,51766
2015-03-23 07:00:00,187.521,187.664,187.503,187.664,99425
2015-03-23 07:30:00,187.646,187.905,187.637,187.905,92405
2015-03-23 08:00:00,187.682,188.084,187.556,187.896,160117
2015-03-23 08:30:00,187.905,187.905,187.78,187.878,276023
2015-03-23 09:00:00,187.878,188.057,187.86,188.012,255709
2015-03-23 09:30:00,188.021,188.522,187.941,188.316,8223326
2015-03-23 10:00:00,188.316,188.638,188.244,188.432,5561225
2015-03-23 10:30:00,188.433,188.486,188.254,188.37,3040756
2015-03-23 11:00:00,188.37,188.459,188.236,188.28,4700151
2015-03-23 11:30:00,188.272,188.37,188.137,188.307,3860370
2015-03-23 12:00:00,188.298,188.298,188.093,188.227,2192276
2015-03-23 12:30:00,188.227,188.441,188.2,188.28,2536958
2015-03-23 13:00:00,188.276,188.298,188.182,188.191,2558406
2015-03-23 13:30:00,188.191,188.352,188.137,188.227,1808204
2015-03-23 14:00:00,188.227,188.522,188.2,188.477,2944176
2015-03-23 14:30:00,188.476,188.495,188.227,188.289,2216081
2015-03-23 15:00:00,188.294,188.343,188.119,188.182,3025477
2015-03-23 15:30:00,188.182,188.227,187.655,187.682,11393403
2015-03-23 16:00:00,187.682,188.274,187.472,187.539,9213258
2015-03-23 16:30:00,187.539,187.565,187.494,187.548,278187
2015-03-23 17:00:00,187.548,187.548,187.467,187.476,70718
2015-03-23 17:30:00,187.512,187.512,187.458,187.485,29625
2015-03-23 18:00:00,187.485,187.565,187.485,187.556,50119
2015-03-23 18:30:00,187.556,187.583,187.556,187.583,22600
2015-03-23 19:00:00,187.583,187.61,187.565,187.583,10825
2015-03-23 19:30:00,187.574,187.628,187.574,187.628,53500
2015-03-24 04:00:00,187.574,187.628,187.574,187.628,325
2015-03-24 04:30:00,187.771,187.834,187.69,187.69,750
2015-03-24 05:00:00,187.682,187.896,187.592,187.896,3890
2015-03-24 05:30:00,187.798,187.798,187.798,187.798,1003
2015-03-24 06:00:00,187.896,188.084,187.896,188.039,17600
2015-03-24 06:30:00,187.968,187.976,187.798,187.851,42150
2015-03-24 07:00:00,187.887,187.968,187.78,187.95,65993
2015-03-24 07:30:00,187.932,188.057,187.86,188.003,86680
2015-03-24 08:00:00,187.985,188.021,187.789,187.905,170519
2015-03-24 08:30:00,187.896,187.95,187.682,187.816,605959
2015-03-24 09:00:00,187.807,187.807,187.36,187.53,830319
2015-03-24 09:30:00,187.512,187.655,187.154,187.628,7570852
2015-03-24 10:00:00,187.628,187.851,187.539,187.664,5532712
2015-03-24 10:30:00,187.673,187.753,187.503,187.65,3145126
2015-03-24 11:00:00,187.655,188.003,187.521,187.905,4758758
2015-03-24 11:30:00,187.905,187.959,187.726,187.771,2717946
2015-03-24 12:00:00,187.771,187.887,187.556,187.57,3182408
2015-03-24 12:30:00,187.574,187.61,187.217,187.235,4816731
2015-03-24 13:00:00,187.235,187.414,186.958,187.036,3944701
2015-03-24 13:30:00,187.029,187.284,186.949,187.208,3278682
2015-03-24 14:00:00,187.208,187.217,186.797,186.895,3965484
2015-03-24 14:30:00,186.891,187.047,186.734,186.949,3821639
2015-03-24 15:00:00,186.949,187.199,186.69,186.708,6642300
2015-03-24 15:30:00,186.708,187.619,186.52,186.582,11796549
2015-03-24 16:00:00,186.574,187.814,186.502,186.726,4332986
2015-03-24 16:30:00,186.726,186.734,186.592,186.681,1849077
2015-03-24 17:00:00,186.681,187.226,186.536,186.663,1923727
2015-03-24 17:30:00,186.654,186.69,186.636,186.663,103710
2015-03-24 18:00:00,186.672,186.726,186.663,186.69,45655
2015-03-24 18:30:00,186.699,186.708,186.69,186.708,1385
2015-03-24 19:00:00,186.699,186.699,186.681,186.681,19896
2015-03-24 19:30:00,186.681,186.752,186.681,186.743,19312
2015-03-25 04:00:00,186.681,186.833,186.681,186.815,34800
2015-03-25 04:30:00,186.77,186.815,186.743,186.743,10800
2015-03-25 05:00:00,186.761,186.815,186.726,186.726,1744
2015-03-25 05:30:00,186.726,186.913,186.69,186.904,14023
2015-03-25 06:00:00,186.904,186.931,186.77,186.779,2700
2015-03-25 06:30:00,186.752,186.815,186.743,186.788,9718
2015-03-25 07:00:00,186.708,186.734,186.565,186.574,26640
2015-03-25 07:30:00,186.574,186.618,186.377,186.538,85546
2015-03-25 08:00:00,186.529,186.708,186.404,186.645,284453
2015-03-25 08:30:00,186.663,186.797,186.565,186.752,289163
2015-03-25 09:00:00,186.734,186.922,186.734,186.815,1045105
2015-03-25 09:30:00,186.815,187.065,186.118,186.323,12887876
2015-03-25 10:00:00,186.314,186.717,186.207,186.582,8291928
2015-03-25 10:30:00,186.582,186.582,186.118,186.52,6652615
2015-03-25 11:00:00,186.52,186.636,186.02,186.154,6335441
2015-03-25 11:30:00,186.145,186.145,185.037,185.282,12316948
2015-03-25 12:00:00,185.287,185.34,184.804,185.028,10326099
2015-03-25 12:30:00,185.028,185.191,184.652,184.992,7803689
2015-03-25 13:00:00,184.992,185.046,184.514,184.778,5919050
2015-03-25 13:30:00,184.778,185.108,184.626,184.867,9115243
2015-03-25 14:00:00,184.867,185.081,184.697,185.077,7554681
2015-03-25 14:30:00,185.072,185.081,184.644,184.733,7409002
2015-03-25 15:00:00,184.742,184.751,184.206,184.259,15195913
2015-03-25 15:30:00,184.259,184.34,183.812,183.848,31062614
2015-03-25 16:00:00,183.839,186.54,183.822,183.938,10532841
2015-03-25 16:30:00,183.947,184.072,183.893,184.063,3182751
2015-03-25 17:00:00,184.063,184.134,184.045,184.107,1243377
2015-03-25 17:30:00,184.107,184.143,184.09,184.125,27113
2015-03-25 18:00:00,184.125,184.152,183.956,184.045,85936
2015-03-25 18:30:00,184.009,184.072,183.956,184.072,20981
2015-03-25 19:00:00,184.072,184.09,184.045,184.045,4654
2015-03-25 19:30:00,184.072,184.143,184.054,184.143,98739
2015-03-26 04:00:00,183.616,183.616,182.642,183.089,16643
2015-03-26 04:30:00,183.098,183.133,182.544,182.544,34527
2015-03-26 05:00:00,182.553,182.624,182.142,182.222,112929
2015-03-26 05:30:00,182.231,182.463,182.231,182.436,150492
2015-03-26 06:00:00,182.41,182.749,182.338,182.749,72557
2015-03-26 06:30:00,182.74,182.785,182.606,182.678,86023
2015-03-26 07:00:00,182.687,182.794,182.49,182.749,262557
2015-03-26 07:30:00,182.767,182.892,182.588,182.633,423661
2015-03-26 08:00:00,182.606,183.938,182.284,182.588,664314
2015-03-26 08:30:00,182.624,183.196,182.392,182.99,1000401
2015-03-26 09:00:00,183.008,183.857,182.964,183.133,1249050
2015-03-26 09:30:00,183.142,183.634,182.731,182.99,19606887
2015-03-26 10:00:00,182.982,183.098,182.392,182.964,15413868
2015-03-26 10:30:00,182.964,183.52,182.794,183.384,11876171
2015-03-26 11:00:00,183.384,183.393,182.901,183.241,8133772
2015-03-26 11:30:00,183.241,183.911,183.142,183.902,8912540
2015-03-26 12:00:00,183.911,183.982,183.5,183.536,7419716
2015-03-26 12:30:00,183.527,183.929,183.401,183.866,6027520
2015-03-26 13:00:00,183.857,183.884,183.33,183.709,5922379
2015-03-26 13:30:00,183.705,184.402,183.652,184.224,7289449
2015-03-26 14:00:00,184.224,184.268,183.714,183.714,8310905
2015-03-26 14:30:00,183.723,184.054,183.509,183.527,6673624
2015-03-26 15:00:00,183.509,183.67,183.393,183.544,9644918
2015-03-26 15:30:00,183.544,183.982,183.33,183.428,17913880
2015-03-26 16:00:00,183.428,183.562,183.272,183.5,10008985
2015-03-26 16:30:00,183.518,183.798,183.518,183.58,1418180
2015-03-26 17:00:00,183.58,183.607,183.544,183.589,81195
2015-03-26 17:30:00,183.58,183.607,183.562,183.58,22223
2015-03-26 18:00:00,183.589,183.661,183.589,183.598,41943
2015-03-26 18:30:00,183.616,183.616,183.562,183.589,11058
2015-03-26 19:00:00,183.562,183.571,183.527,183.571,57138
2015-03-26 19:30:00,183.562,183.625,183.553,183.625,28757
2015-03-27 04:00:00,183.571,183.75,183.571,183.714,1200
2015-03-27 04:30:00,183.553,183.634,183.33,183.393,39850
2015-03-27 05:00:00,183.357,183.437,183.089,183.098,16890
2015-03-27 05:30:00,183.008,183.08,182.821,182.928,24544
2015-03-27 06:00:00,183.035,183.268,183.035,183.214,8671
2015-03-27 06:30:00,183.258,183.258,183.071,183.169,16958
2015-03-27 07:00:00,183.169,183.366,183.169,183.357,97984
2015-03-27 07:30:00,183.366,183.5,183.312,183.339,172746
2015-03-27 08:00:00,182.83,183.473,182.83,183.446,210001
2015-03-27 08:30:00,183.428,183.428,183.133,183.321,374865
2015-03-27 09:00:00,183.312,183.321,183.071,183.303,638041
2015-03-27 09:30:00,183.294,183.768,183.294,183.705,16433273
2015-03-27 10:00:00,183.696,183.938,183.089,183.598,11941260
2015-03-27 10:30:00,183.598,184.0,183.214,183.964,8834466
2015-03-27 11:00:00,183.969,184.027,183.652,183.723,6093600
2015-03-27 11:30:00,183.723,183.848,183.419,183.687,4385945
2015-03-27 12:00:00,183.696,183.714,183.402,183.518,4506852
2015-03-27 12:30:00,183.518,183.759,183.446,183.723,4894532
2015-03-27 13:00:00,183.732,183.768,183.464,183.589,2461263
2015-03-27 13:30:00,183.589,183.768,183.451,183.67,3775967
2015-03-27 14:00:00,183.665,183.777,183.509,183.631,4767940
2015-03-27 14:30:00,183.634,183.67,183.518,183.652,3461139
2015-03-27 15:00:00,183.643,183.822,183.513,183.607,6937489
2015-03-27 15:30:00,183.616,184.027,183.58,183.822,21295747
2015-03-27 16:00:00,183.812,183.884,183.661,183.848,7126782
2015-03-27 16:30:00,183.866,183.884,183.75,183.786,6193386
2015-03-27 17:00:00,183.839,183.848,183.804,183.839,17759
2015-03-27 17:30:00,183.83,183.875,183.804,183.849,1742221
2015-03-27 18:00:00,183.884,184.849,183.884,183.947,99261
2015-03-27 18:30:00,183.947,183.947,183.893,183.893,22487
2015-03-27 19:00:00,183.893,183.893,183.875,183.884,9010
2015-03-27 19:30:00,183.875,183.938,183.866,183.938,16281
2015-03-30 04:00:00,184.277,185.233,184.277,185.037,26992
2015-03-30 04:30:00,185.019,185.099,185.019,185.037,7202
2015-03-30 05:00:00,185.019,185.099,184.974,185.099,29180
2015-03-30 05:30:00,185.01,185.046,184.992,185.019,7011
2015-03-30 06:00:00,184.992,185.01,184.894,184.894,3152
2015-03-30 06:30:00,184.885,184.894,184.626,184.626,41080
2015-03-30 07:00:00,184.652,184.769,184.617,184.769,131474
2015-03-30 07:30:00,184.769,184.813,184.715,184.751,146392
2015-03-30 08:00:00,184.751,184.84,184.125,184.84,236080
2015-03-30 08:30:00,184.822,184.894,184.679,184.751,259557
2015-03-30 09:00:00,184.742,184.965,183.839,184.947,481236
2015-03-30 09:30:00,184.947,185.903,184.93,185.796,15438499
2015-03-30 10:00:00,185.801,185.948,185.43,185.542,8867619
2015-03-30 10:30:00,185.555,185.844,185.474,185.716,5043516
2015-03-30 11:00:00,185.725,185.814,185.559,185.752,4620106
2015-03-30 11:30:00,185.743,185.859,185.644,185.796,2828318
2015-03-30 12:00:00,185.796,186.046,185.769,185.957,4509385
2015-03-30 12:30:00,185.957,186.064,185.877,186.02,4494712
2015-03-30 13:00:00,186.02,186.225,186.002,186.225,3441243
2015-03-30 13:30:00,186.225,186.288,185.984,186.104,3861800
2015-03-30 14:00:00,186.104,186.341,186.1,186.189,4232513
2015-03-30 14:30:00,186.189,186.332,186.136,186.323,2703292
2015-03-30 15:00:00,186.332,186.404,186.145,186.221,6010770
2015-03-30 15:30:00,186.225,186.332,186.078,186.091,11862167
2015-03-30 16:00:00,186.1,186.154,185.741,185.921,5434042
2015-03-30 16:30:00,185.921,186.128,185.76,185.76,8070590
2015-03-30 17:00:00,185.76,186.082,185.752,186.082,763684
2015-03-30 17:30:00,186.082,186.082,185.787,185.823,633625
2015-03-30 18:00:00,185.823,185.957,185.814,185.903,93879
2015-03-30 18:30:00,185.886,185.886,185.814,185.868,40492
2015-03-30 19:00:00,185.859,185.921,185.841,185.903,14805
2015-03-30 19:30:00,185.886,185.894,185.85,185.886,28821
2015-03-31 04:00:00,185.671,185.68,185.537,185.609,22793
2015-03-31 04:30:00,185.591,185.6,185.537,185.537,4600
2015-03-31 05:00:00,185.537,185.537,185.206,185.376,29427
2015-03-31 05:30:00,185.26,185.26,184.938,185.019,21573
2015-03-31 06:00:00,184.992,184.992,184.813,184.813,61213
2015-03-31 06:30:00,184.858,184.956,184.84,184.84,205520
2015-03-31 07:00:00,184.813,184.867,184.706,184.867,225740
2015-03-31 07:30:00,184.858,185.037,184.849,184.956,202239
2015-03-31 08:00:00,184.956,185.877,184.733,184.912,494038
2015-03-31 08:30:00,184.92,185.126,184.92,185.072,453905
2015-03-31 09:00:00,185.055,185.206,184.92,185.198,579164
2015-03-31 09:30:00,185.198,185.466,184.938,185.282,13245226
2015-03-31 10:00:00,185.278,185.618,185.233,185.501,6595497
2015-03-31 10:30:00,185.501,185.734,185.457,185.457,3125156
2015-03-31 11:00:00,185.457,185.948,185.439,185.738,4581788
2015-03-31 11:30:00,185.743,185.76,185.296,185.305,4823348
2015-03-31 12:00:00,185.305,185.358,185.09,185.305,3940452
2015-03-31 12:30:00,185.314,185.484,185.215,185.385,2723864
2015-03-31 13:00:00,185.376,185.626,185.376,185.564,2785638
2015-03-31 13:30:00,185.573,185.752,185.314,185.385,3836252
2015-03-31 14:00:00,185.385,185.537,185.323,185.376,3270562
2015-03-31 14:30:00,185.367,185.501,185.224,185.474,3915430
2015-03-31 15:00:00,185.474,185.492,184.474,184.652,15679319
2015-03-31 15:30:00,184.644,184.903,184.393,184.465,29235929
2015-03-31 16:00:00,184.465,185.18,184.197,184.411,15183165
2015-03-31 16:30:00,184.42,184.501,184.34,184.384,6058686
2015-03-31 17:00:00,184.384,184.384,184.322,184.376,1102952
2015-03-31 17:30:00,184.376,184.456,184.34,184.366,275066
2015-03-31 18:00:00,184.384,184.411,184.232,184.393,126839
2015-03-31 18:30:00,184.366,184.393,184.286,184.376,14688
2015-03-31 19:00:00,184.402,184.42,184.384,184.42,5010
2015-03-31 19:30:00,184.393,184.492,184.393,184.429,26679
2015-04-01 04:00:00,183.875,183.884,183.714,183.741,4082
2015-04-01 04:30:00,183.732,183.884,183.732,183.875,3035
2015-04-01 05:00:00,184.018,184.224,184.018,184.206,7326
2015-04-01 05:30:00,184.25,184.536,184.25,184.492,10759
2015-04-01 06:00:00,184.501,184.554,184.384,184.384,30980
2015-04-01 06:30:00,184.402,184.483,184.402,184.429,104157
2015-04-01 07:00:00,184.429,184.438,183.759,183.759,365651
2015-04-01 07:30:00,183.812,183.964,183.804,183.92,251996
2015-04-01 08:00:00,183.902,184.456,183.491,183.866,665308
2015-04-01 08:30:00,183.866,184.456,183.017,184.053,824174
2015-04-01 09:00:00,184.054,184.456,182.794,184.42,1624499
2015-04-01 09:30:00,184.42,184.447,182.74,183.035,24575996
2015-04-01 10:00:00,183.026,183.497,182.883,183.303,15449080
2015-04-01 10:30:00,183.321,184.009,183.035,183.804,9884110
2015-04-01 11:00:00,183.795,184.09,183.58,183.634,6483616
2015-04-01 11:30:00,183.634,183.902,183.482,183.598,6352461
2015-04-01 12:00:00,183.607,183.643,183.232,183.536,5664867
2015-04-01 12:30:00,183.536,183.812,183.366,183.616,4326048
2015-04-01 13:00:00,183.625,183.732,183.437,183.696,5173112
2015-04-01 13:30:00,183.696,184.027,183.616,183.839,4693131
2015-04-01 14:00:00,183.848,183.893,183.357,183.41,7517973
2015-04-01 14:30:00,183.402,183.705,183.268,183.553,5405590
2015-04-01 15:00:00,183.553,183.562,183.205,183.428,6582034
2015-04-01 15:30:00,183.419,183.857,183.33,183.857,17829850
2015-04-01 16:00:00,183.857,184.125,183.407,183.947,4480908
2015-04-01 16:30:00,183.956,184.098,183.956,184.009,3302075
2015-04-01 17:00:00,183.991,184.063,183.973,184.054,1110522
2015-04-01 17:30:00,184.054,184.116,184.027,184.107,25767
2015-04-01 18:00:00,184.116,184.277,183.804,184.161,90839
2015-04-01 18:30:00,184.17,184.17,184.045,184.045,53527
2015-04-01 19:00:00,184.045,184.107,184.018,184.045,14711
2015-04-01 19:30:00,184.036,184.036,183.839,183.884,67008
2015-04-02 04:00:00,183.705,183.705,183.258,183.258,3129
2015-04-02 04:30:00,183.258,183.348,183.133,183.268,2735
2015-04-02 05:00:00,183.241,183.33,183.178,183.268,13350
2015-04-02 05:30:00,183.375,183.375,183.303,183.312,8330
2015-04-02 06:00:00,183.312,183.312,183.196,183.223,7680
2015-04-02 06:30:00,183.258,183.357,183.187,183.357,8850
2015-04-02 07:00:00,183.348,183.437,183.303,183.402,47700
2015-04-02 07:30:00,183.384,183.598,183.384,183.598,31768
2015-04-02 08:00:00,183.402,183.777,183.348,183.589,180704
2015-04-02 08:30:00,183.589,183.696,183.366,183.67,396075
2015-04-02 09:00:00,183.687,183.786,183.464,183.723,410899
2015-04-02 09:30:00,183.732,184.831,183.536,184.751,14138226
2015-04-02 10:00:00,184.76,184.947,184.465,184.51,7596738
2015-04-02 10:30:00,184.514,184.572,184.277,184.42,4530589
2015-04-02 11:00:00,184.42,184.635,184.322,184.456,4116310
2015-04-02 11:30:00,184.451,184.617,184.224,184.298,3342814
2015-04-02 12:00:00,184.295,184.295,183.92,184.183,4559860
2015-04-02 12:30:00,184.188,184.447,184.179,184.327,3896196
2015-04-02 13:00:00,184.331,184.563,184.25,184.456,3581756
2015-04-02 13:30:00,184.451,184.527,184.268,184.447,2619918
2015-04-02 14:00:00,184.447,184.724,184.34,184.554,3576043
2015-04-02 14:30:00,184.554,184.59,184.206,184.366,3752828
2015-04-02 15:00:00,184.366,184.474,184.268,184.42,3630400
2015-04-02 15:30:00,184.42,184.76,184.376,184.411,14033866
2015-04-02 16:00:00,184.402,184.51,184.304,184.501,5753888
2015-04-02 16:30:00,184.501,184.59,184.483,184.554,2652677
2015-04-02 17:00:00,184.554,184.554,184.465,184.474,293669
2015-04-02 17:30:00,184.483,184.501,184.465,184.483,42883
2015-04-02 18:00:00,184.483,184.501,184.474,184.501,12597
2015-04-02 18:30:00,184.501,184.501,184.447,184.447,14466
2015-04-02 19:00:00,184.465,184.465,184.411,184.429,12582
2015-04-02 19:30:00,184.411,184.447,184.402,184.42,11256
2015-04-06 04:00:00,183.625,183.625,182.919,183.133,6375
2015-04-06 04:30:00,183.241,183.241,183.205,183.205,1200
2015-04-06 05:00:00,183.25,183.25,183.223,183.223,216
2015-04-06 05:30:00,183.178,183.178,183.133,183.133,750
2015-04-06 06:00:00,183.133,183.133,183.107,183.133,1700
2015-04-06 06:30:00,183.133,183.268,183.133,183.214,36050
2015-04-06 07:00:00,183.258,183.366,183.062,183.178,75058
2015-04-06 07:30:00,183.187,183.276,183.053,183.071,265415
2015-04-06 08:00:00,183.107,183.339,182.964,183.232,238145
2015-04-06 08:30:00,183.241,183.357,183.205,183.25,227988
2015-04-06 09:00:00,183.25,183.544,183.232,183.509,707667
2015-04-06 09:30:00,183.509,184.706,183.366,184.527,15245616
2015-04-06 10:00:00,184.527,185.403,184.51,185.367,9837071
2015-04-06 10:30:00,185.367,185.618,185.323,185.492,7092994
2015-04-06 11:00:00,185.501,185.72,185.474,185.626,5426910
2015-04-06 11:30:00,185.626,185.886,185.582,185.792,5402089
2015-04-06 12:00:00,185.792,186.1,185.774,185.984,6690100
2015-04-06 12:30:00,185.984,186.1,185.939,186.064,5140102
2015-04-06 13:00:00,186.064,186.234,186.055,186.225,5110846
2015-04-06 13:30:00,186.234,186.261,186.055,186.127,4896156
2015-04-06 14:00:00,186.122,186.154,185.966,186.082,6513624
2015-04-06 14:30:00,186.078,186.234,186.073,186.145,4568273
2015-04-06 15:00:00,186.154,186.216,185.868,185.886,6157841
2015-04-06 15:30:00,185.877,186.002,185.635,185.716,12580136
2015-04-06 16:00:00,185.707,185.772,185.6,185.689,7501576
2015-04-06 16:30:00,185.671,185.689,185.6,185.609,8069235
2015-04-06 17:00:00,185.6,185.6,185.519,185.582,589162
2015-04-06 17:30:00,185.591,185.591,185.528,185.546,32950
2015-04-06 18:00:00,185.546,185.609,185.492,185.591,100866
2015-04-06 18:30:00,185.573,185.591,185.501,185.519,40937
2015-04-06 19:00:00,185.519,185.537,185.484,185.484,107140
2015-04-06 19:30:00,185.501,185.555,185.484,185.528,131387
2015-04-07 04:00:00,185.778,185.778,185.707,185.707,1300
2015-04-07 05:00:00,185.635,185.635,185.546,185.546,600
2015-04-07 05:30:00,185.573,185.618,185.537,185.573,7283
2015-04-07 06:00:00,185.546,185.68,185.546,185.635,13120
2015-04-07 06:30:00,185.626,185.787,185.626,185.778,23400
2015-04-07 07:00:00,185.769,186.118,185.76,186.109,137930
2015-04-07 07:30:00,186.109,186.198,185.966,185.993,216240
2015-04-07 08:00:00,185.948,186.046,185.868,185.886,214306
2015-04-07 08:30:00,185.886,185.93,185.743,185.796,248245
2015-04-07 09:00:00,185.778,185.859,185.653,185.725,605970
2015-04-07 09:30:00,185.729,186.431,185.644,185.93,10626796
2015-04-07 10:00:00,185.93,186.314,185.618,186.207,5639455
2015-04-07 10:30:00,186.207,186.538,186.198,186.288,5576662
2015-04-07 11:00:00,186.288,186.323,186.038,186.172,6168304
2015-04-07 11:30:00,186.18,186.341,186.18,186.314,4473315
2015-04-07 12:00:00,186.314,186.422,186.288,186.398,1971074
2015-04-07 12:30:00,186.399,186.44,186.136,186.225,3512395
2015-04-07 13:00:00,186.228,186.35,186.18,186.306,2481261
2015-04-07 13:30:00,186.314,186.323,185.984,186.082,2966428
2015-04-07 14:00:00,186.082,186.261,186.073,186.249,2819483
2015-04-07 14:30:00,186.247,186.279,186.055,186.069,2496351
2015-04-07 15:00:00,186.073,186.109,185.698,185.81,4891837
2015-04-07 15:30:00,185.805,185.877,185.18,185.198,12137453
2015-04-07 16:00:00,185.189,185.384,185.171,185.215,3849297
2015-04-07 16:30:00,185.215,185.251,185.064,185.233,1535222
2015-04-07 17:00:00,185.215,185.296,185.189,185.206,7276042
2015-04-07 17:30:00,185.207,185.26,185.206,185.242,24076
2015-04-07 18:00:00,185.242,185.332,185.189,185.189,49503
2015-04-07 18:30:00,185.198,185.206,185.064,185.126,52440
2015-04-07 19:00:00,185.126,185.135,185.09,185.09,34835
2015-04-07 19:30:00,185.153,185.215,185.126,185.215,16874
2015-04-08 04:00:00,185.448,185.707,185.448,185.582,5400
2015-04-08 04:30:00,185.555,185.555,185.457,185.474,15354
2015-04-08 05:00:00,185.582,185.644,185.457,185.51,7794
2015-04-08 05:30:00,185.6,185.635,185.555,185.555,32700
2015-04-08 06:00:00,185.448,185.448,185.323,185.367,7300
2015-04-08 06:30:00,185.376,185.376,185.18,185.233,18572
2015-04-08 07:00:00,185.296,185.376,185.278,185.34,68425
2015-04-08 07:30:00,185.332,185.484,185.332,185.349,51016
2015-04-08 08:00:00,185.412,185.501,185.332,185.403,227223
2015-04-08 08:30:00,185.394,185.412,185.296,185.394,192664
2015-04-08 09:00:00,185.394,185.689,185.394,185.448,744607
2015-04-08 09:30:00,185.457,186.261,185.43,186.207,9192773
2015-04-08 10:00:00,186.198,186.314,185.881,186.024,5044878
2015-04-08 10:30:00,186.02,186.02,185.099,185.501,8819296
2015-04-08 11:00:00,185.492,185.868,185.367,185.725,4337282
2015-04-08 11:30:00,185.734,186.073,185.626,185.921,4347282
2015-04-08 12:00:00,185.93,185.975,185.743,185.752,2748287
2015-04-08 12:30:00,185.743,185.912,185.68,185.76,2620580
2015-04-08 13:00:00,185.769,185.886,185.537,185.716,2354260
2015-04-08 13:30:00,185.707,185.877,185.618,185.814,1782223
2015-04-08 14:00:00,185.814,186.261,185.037,185.921,14289586
2015-04-08 14:30:00,185.912,185.984,185.484,185.671,5422745
2015-04-08 15:00:00,185.671,185.832,185.501,185.671,6681151
2015-04-08 15:30:00,185.653,185.93,185.582,185.85,12487535
2015-04-08 16:00:00,185.85,185.975,185.639,185.948,6947253
2015-04-08 16:30:00,185.93,186.02,185.877,185.993,136314
2015-04-08 17:00:00,186.011,186.163,186.002,186.127,123135
2015-04-08 17:30:00,186.145,186.154,186.109,186.127,17510
2015-04-08 18:00:00,186.127,186.127,186.02,186.028,56457
2015-04-08 18:30:00,186.038,186.064,186.038,186.038,5840
2015-04-08 19:00:00,186.038,186.038,186.028,186.028,1000
2015-04-08 19:30:00,186.02,186.02,186.002,186.011,17170
2015-04-09 04:00:00,185.716,185.716,185.26,185.26,2961
2015-04-09 04:30:00,185.215,185.466,185.215,185.367,21607
2015-04-09 05:00:00,185.367,185.474,185.367,185.474,12967
2015-04-09 05:30:00,185.537,185.591,185.412,185.466,36550
2015-04-09 06:00:00,185.466,185.537,185.412,185.492,13301
2015-04-09 06:30:00,185.537,185.689,185.537,185.591,12227
2015-04-09 07:00:00,185.635,185.832,185.6,185.752,49829
2015-04-09 07:30:00,185.769,186.091,185.769,186.038,77894
2015-04-09 08:00:00,186.028,186.073,185.671,185.805,279380
2015-04-09 08:30:00,185.787,185.957,185.635,185.689,494967
2015-04-09 09:00:00,185.662,185.787,185.573,185.662,356568
2015-04-09 09:30:00,185.662,186.44,185.635,185.868,9178292
2015-04-09 10:00:00,185.859,186.163,185.564,185.93,7930578
2015-04-09 10:30:00,185.93,185.957,185.323,185.662,9677053
2015-04-09 11:00:00,185.662,185.662,185.135,185.537,5936759
2015-04-09 11:30:00,185.537,185.868,185.466,185.752,5776277
2015-04-09 12:00:00,185.752,186.145,185.707,186.064,3820633
2015-04-09 12:30:00,186.073,186.145,185.939,186.118,2566479
2015-04-09 13:00:00,186.127,186.27,185.975,186.163,3828673
2015-04-09 13:30:00,186.163,186.172,185.894,185.975,3181113
2015-04-09 14:00:00,185.984,186.109,185.894,186.002,2364872
2015-04-09 14:30:00,186.002,186.332,185.948,186.279,4330659
2015-04-09 15:00:00,186.279,186.886,186.27,186.86,8965439
2015-04-09 15:30:00,186.86,186.913,186.511,186.69,11024404
2015-04-09 16:00:00,186.699,186.824,186.627,186.806,3645081
2015-04-09 16:30:00,186.797,186.886,185.943,186.752,333013
2015-04-09 17:00:00,186.726,186.86,186.726,186.833,89348
2015-04-09 17:30:00,186.842,186.86,186.77,186.77,23761
2015-04-09 18:00:00,186.824,186.86,186.77,186.824,27799
2015-04-09 18:30:00,186.824,186.833,186.788,186.815,14100
2015-04-09 19:00:00,186.815,186.824,186.788,186.824,35753
2015-04-09 19:30:00,186.797,186.824,186.77,186.797,30426